 height (m), pressure (P), temp (K), saturation
       0.0000000       100000.00       280.00000      0.98000000
       1.0000000       99987.911       279.99036      0.98052785
       2.0000000       99975.823       279.98069      0.98105977
       3.0000000       99963.736       279.97103      0.98159169
       4.0000000       99951.651       279.96136      0.98212396
       5.0000000       99939.566       279.95170      0.98265656
       6.0000000       99927.482       279.94203      0.98318949
       7.0000000       99915.400       279.93237      0.98372275
       8.0000000       99903.318       279.92270      0.98425633
       9.0000000       99891.237       279.91304      0.98479024
       10.000000       99879.158       279.90337      0.98532447
       11.000000       99867.080       279.89371      0.98585902
       12.000000       99855.002       279.88404      0.98639389
       13.000000       99842.926       279.87438      0.98692907
       14.000000       99830.850       279.86471      0.98746458
       15.000000       99818.776       279.85505      0.98800040
       16.000000       99806.703       279.84538      0.98853653
       17.000000       99794.631       279.83572      0.98907297
       18.000000       99782.560       279.82606      0.98960972
       19.000000       99770.489       279.81639      0.99014676
       20.000000       99758.420       279.80673      0.99068411
       21.000000       99746.352       279.79707      0.99122174
       22.000000       99734.285       279.78741      0.99175966
       23.000000       99722.219       279.77775      0.99229786
       24.000000       99710.155       279.76808      0.99283632
       25.000000       99698.091       279.75842      0.99337504
       26.000000       99686.028       279.74876      0.99391401
       27.000000       99673.966       279.73911      0.99445320
       28.000000       99661.905       279.72945      0.99499260
       29.000000       99649.846       279.71979      0.99553218
       30.000000       99637.787       279.71014      0.99607190
       31.000000       99625.729       279.70048      0.99661174
       32.000000       99613.673       279.69083      0.99715165
       33.000000       99601.617       279.68118      0.99769155
       34.000000       99589.563       279.67154      0.99823137
       35.000000       99577.509       279.66190      0.99877100
       36.000000       99565.457       279.65226      0.99931031
       37.000000       99553.406       279.64263      0.99984911
       38.000000       99541.355       279.63301       1.0003872
       39.000000       99529.306       279.62340       1.0009242
       40.000000       99517.258       279.61381       1.0014597
       41.000000       99505.211       279.60423       1.0019932
       42.000000       99493.165       279.59468       1.0025237
       43.000000       99481.120       279.58516       1.0030502
       44.000000       99469.076       279.57571       1.0035698
       45.000000       99457.033       279.56634       1.0040776
       46.000000       99444.991       279.55715       1.0045653
       47.000000       99432.950       279.54820       1.0050224
       48.000000       99420.910       279.53956       1.0054392
       49.000000       99408.871       279.53130       1.0058085
       50.000000       99396.834       279.52343       1.0061263
       51.000000       99384.797       279.51597       1.0063908
       52.000000       99372.761       279.50891       1.0066027
       53.000000       99360.727       279.50223       1.0067638
       54.000000       99348.694       279.49591       1.0068772
       55.000000       99336.662       279.48991       1.0069468
       56.000000       99324.631       279.48421       1.0069767
       57.000000       99312.601       279.47877       1.0069717
       58.000000       99300.572       279.47355       1.0069362
       59.000000       99288.545       279.46852       1.0068748
       60.000000       99276.519       279.46364       1.0067919
       61.000000       99264.494       279.45890       1.0066914
       62.000000       99252.470       279.45425       1.0065769
       63.000000       99240.447       279.44968       1.0064519
       64.000000       99228.426       279.44516       1.0063193
       65.000000       99216.406       279.44068       1.0061816
       66.000000       99204.387       279.43621       1.0060412
       67.000000       99192.369       279.43175       1.0058998
       68.000000       99180.353       279.42728       1.0057592
       69.000000       99168.337       279.42280       1.0056205
       70.000000       99156.323       279.41829       1.0054849
       71.000000       99144.311       279.41374       1.0053532
       72.000000       99132.299       279.40916       1.0052259
       73.000000       99120.289       279.40455       1.0051036
       74.000000       99108.279       279.39989       1.0049865
       75.000000       99096.272       279.39519       1.0048748
       76.000000       99084.265       279.39045       1.0047685
       77.000000       99072.259       279.38567       1.0046677
       78.000000       99060.255       279.38085       1.0045723
       79.000000       99048.252       279.37599       1.0044820
       80.000000       99036.250       279.37109       1.0043968
       81.000000       99024.250       279.36615       1.0043165
       82.000000       99012.250       279.36118       1.0042407
       83.000000       99000.252       279.35617       1.0041694
       84.000000       98988.255       279.35113       1.0041022
       85.000000       98976.259       279.34607       1.0040388
       86.000000       98964.264       279.34097       1.0039791
       87.000000       98952.271       279.33585       1.0039228
       88.000000       98940.279       279.33071       1.0038697
       89.000000       98928.288       279.32554       1.0038195
       90.000000       98916.298       279.32035       1.0037721
       91.000000       98904.309       279.31515       1.0037273
       92.000000       98892.322       279.30992       1.0036848
       93.000000       98880.336       279.30468       1.0036444
       94.000000       98868.351       279.29942       1.0036062
       95.000000       98856.367       279.29415       1.0035697
       96.000000       98844.384       279.28886       1.0035351
       97.000000       98832.403       279.28356       1.0035020
       98.000000       98820.423       279.27825       1.0034704
       99.000000       98808.444       279.27293       1.0034402
       100.00000       98796.466       279.26760       1.0034113
       101.00000       98784.489       279.26226       1.0033836
       102.00000       98772.514       279.25691       1.0033569
       103.00000       98760.540       279.25156       1.0033313
       104.00000       98748.566       279.24619       1.0033067
       105.00000       98736.595       279.24082       1.0032829
       106.00000       98724.624       279.23544       1.0032600
       107.00000       98712.654       279.23006       1.0032378
       108.00000       98700.686       279.22467       1.0032163
       109.00000       98688.719       279.21927       1.0031956
       110.00000       98676.753       279.21387       1.0031755
       111.00000       98664.788       279.20847       1.0031559
       112.00000       98652.825       279.20306       1.0031370
       113.00000       98640.862       279.19764       1.0031185
       114.00000       98628.901       279.19222       1.0031006
       115.00000       98616.941       279.18680       1.0030832
       116.00000       98604.982       279.18138       1.0030662
       117.00000       98593.025       279.17595       1.0030496
       118.00000       98581.068       279.17051       1.0030335
       119.00000       98569.113       279.16507       1.0030177
       120.00000       98557.159       279.15963       1.0030023
       121.00000       98545.206       279.15419       1.0029872
       122.00000       98533.254       279.14874       1.0029725
       123.00000       98521.304       279.14329       1.0029581
       124.00000       98509.354       279.13784       1.0029441
       125.00000       98497.406       279.13239       1.0029303
       126.00000       98485.459       279.12693       1.0029168
       127.00000       98473.514       279.12147       1.0029035
       128.00000       98461.569       279.11601       1.0028906
       129.00000       98449.626       279.11054       1.0028779
       130.00000       98437.683       279.10508       1.0028654
       131.00000       98425.742       279.09961       1.0028532
       132.00000       98413.802       279.09414       1.0028411
       133.00000       98401.864       279.08866       1.0028294
       134.00000       98389.926       279.08319       1.0028178
       135.00000       98377.990       279.07771       1.0028064
       136.00000       98366.055       279.07223       1.0027952
       137.00000       98354.121       279.06675       1.0027842
       138.00000       98342.188       279.06127       1.0027734
       139.00000       98330.257       279.05579       1.0027628
       140.00000       98318.326       279.05030       1.0027524
       141.00000       98306.397       279.04481       1.0027421
       142.00000       98294.469       279.03932       1.0027320
       143.00000       98282.542       279.03383       1.0027220
       144.00000       98270.617       279.02834       1.0027122
       145.00000       98258.692       279.02284       1.0027026
       146.00000       98246.769       279.01735       1.0026931
       147.00000       98234.847       279.01185       1.0026837
       148.00000       98222.926       279.00635       1.0026745
       149.00000       98211.006       279.00085       1.0026654
       150.00000       98199.087       278.99535       1.0026565
       151.00000       98187.170       278.98984       1.0026476
       152.00000       98175.254       278.98434       1.0026389
       153.00000       98163.339       278.97883       1.0026303
       154.00000       98151.425       278.97333       1.0026219
       155.00000       98139.512       278.96782       1.0026135
       156.00000       98127.601       278.96231       1.0026053
       157.00000       98115.690       278.95680       1.0025972
       158.00000       98103.781       278.95128       1.0025892
       159.00000       98091.873       278.94577       1.0025813
       160.00000       98079.967       278.94026       1.0025735
       161.00000       98068.061       278.93474       1.0025657
       162.00000       98056.157       278.92922       1.0025581
       163.00000       98044.253       278.92370       1.0025506
       164.00000       98032.351       278.91819       1.0025432
       165.00000       98020.450       278.91266       1.0025359
       166.00000       98008.551       278.90714       1.0025286
       167.00000       97996.652       278.90162       1.0025215
       168.00000       97984.755       278.89610       1.0025144
       169.00000       97972.859       278.89057       1.0025074
       170.00000       97960.964       278.88505       1.0025006
       171.00000       97949.070       278.87952       1.0024937
       172.00000       97937.177       278.87399       1.0024870
       173.00000       97925.286       278.86846       1.0024803
       174.00000       97913.396       278.86293       1.0024738
       175.00000       97901.507       278.85740       1.0024672
       176.00000       97889.619       278.85187       1.0024608
       177.00000       97877.732       278.84634       1.0024544
       178.00000       97865.846       278.84080       1.0024482
       179.00000       97853.962       278.83527       1.0024419
       180.00000       97842.079       278.82973       1.0024358
       181.00000       97830.197       278.82419       1.0024297
       182.00000       97818.316       278.81866       1.0024236
       183.00000       97806.436       278.81312       1.0024177
       184.00000       97794.558       278.80758       1.0024118
       185.00000       97782.681       278.80204       1.0024059
       186.00000       97770.804       278.79650       1.0024002
       187.00000       97758.929       278.79095       1.0023944
       188.00000       97747.056       278.78541       1.0023888
       189.00000       97735.183       278.77987       1.0023832
       190.00000       97723.312       278.77432       1.0023776
       191.00000       97711.441       278.76878       1.0023721
       192.00000       97699.572       278.76323       1.0023667
       193.00000       97687.704       278.75768       1.0023613
       194.00000       97675.838       278.75213       1.0023560
       195.00000       97663.972       278.74658       1.0023507
       196.00000       97652.108       278.74103       1.0023455
       197.00000       97640.245       278.73548       1.0023403
       198.00000       97628.383       278.72993       1.0023352
       199.00000       97616.522       278.72438       1.0023301
       200.00000       97604.662       278.71883       1.0023250
