 height (m), pressure (P), temp (K), saturation
       0.0000000       100000.00       280.00000      0.98000000
       1.0000000       99987.911       279.99036      0.98052811
       2.0000000       99975.824       279.98069      0.98105968
       3.0000000       99963.737       279.97103      0.98159160
       4.0000000       99951.652       279.96136      0.98212387
       5.0000000       99939.567       279.95170      0.98265646
       6.0000000       99927.484       279.94203      0.98318938
       7.0000000       99915.401       279.93237      0.98372262
       8.0000000       99903.320       279.92270      0.98425619
       9.0000000       99891.240       279.91304      0.98479008
       10.000000       99879.161       279.90337      0.98532429
       11.000000       99867.082       279.89371      0.98585882
       12.000000       99855.005       279.88404      0.98639367
       13.000000       99842.929       279.87438      0.98692884
       14.000000       99830.854       279.86472      0.98746432
       15.000000       99818.780       279.85505      0.98800012
       16.000000       99806.707       279.84539      0.98853622
       17.000000       99794.635       279.83573      0.98907263
       18.000000       99782.564       279.82606      0.98960934
       19.000000       99770.494       279.81640      0.99014634
       20.000000       99758.426       279.80674      0.99068364
       21.000000       99746.358       279.79708      0.99122122
       22.000000       99734.291       279.78741      0.99175908
       23.000000       99722.225       279.77775      0.99229721
       24.000000       99710.161       279.76809      0.99283559
       25.000000       99698.097       279.75843      0.99337420
       26.000000       99686.035       279.74877      0.99391304
       27.000000       99673.973       279.73912      0.99445208
       28.000000       99661.913       279.72946      0.99499129
       29.000000       99649.853       279.71981      0.99553062
       30.000000       99637.795       279.71015      0.99607004
       31.000000       99625.738       279.70050      0.99660948
       32.000000       99613.681       279.69086      0.99714887
       33.000000       99601.626       279.68121      0.99768808
       34.000000       99589.572       279.67158      0.99822698
       35.000000       99577.519       279.66194      0.99876536
       36.000000       99565.466       279.65232      0.99930293
       37.000000       99553.415       279.64271      0.99983932
       38.000000       99541.365       279.63312       1.0003739
       39.000000       99529.316       279.62355       1.0009060
       40.000000       99517.268       279.61400       1.0014344
       41.000000       99505.222       279.60451       1.0019575
       42.000000       99493.176       279.59507       1.0024729
       43.000000       99481.131       279.58573       1.0029767
       44.000000       99469.087       279.57655       1.0034604
       45.000000       99457.044       279.56766       1.0039080
       46.000000       99445.003       279.55922       1.0042976
       47.000000       99432.962       279.55138       1.0046094
       48.000000       99420.923       279.54422       1.0048321
       49.000000       99408.885       279.53775       1.0049649
       50.000000       99396.847       279.53189       1.0050149
       51.000000       99384.811       279.52656       1.0049947
       52.000000       99372.776       279.52165       1.0049185
       53.000000       99360.743       279.51703       1.0048009
       54.000000       99348.710       279.51263       1.0046544
       55.000000       99336.679       279.50836       1.0044900
       56.000000       99324.649       279.50415       1.0043162
       57.000000       99312.621       279.49996       1.0041400
       58.000000       99300.593       279.49574       1.0039666
       59.000000       99288.567       279.49147       1.0037996
       60.000000       99276.542       279.48714       1.0036415
       61.000000       99264.518       279.48272       1.0034939
       62.000000       99252.496       279.47821       1.0033574
       63.000000       99240.474       279.47362       1.0032321
       64.000000       99228.454       279.46895       1.0031180
       65.000000       99216.435       279.46419       1.0030143
       66.000000       99204.418       279.45937       1.0029204
       67.000000       99192.401       279.45447       1.0028356
       68.000000       99180.386       279.44951       1.0027590
       69.000000       99168.372       279.44450       1.0026898
       70.000000       99156.359       279.43943       1.0026271
       71.000000       99144.347       279.43432       1.0025703
       72.000000       99132.337       279.42917       1.0025186
       73.000000       99120.328       279.42399       1.0024715
       74.000000       99108.320       279.41878       1.0024284
       75.000000       99096.313       279.41354       1.0023889
       76.000000       99084.307       279.40827       1.0023524
       77.000000       99072.303       279.40299       1.0023186
       78.000000       99060.300       279.39769       1.0022872
       79.000000       99048.298       279.39237       1.0022578
       80.000000       99036.297       279.38704       1.0022304
       81.000000       99024.297       279.38169       1.0022046
       82.000000       99012.299       279.37633       1.0021803
       83.000000       99000.301       279.37096       1.0021572
       84.000000       98988.305       279.36559       1.0021354
       85.000000       98976.310       279.36020       1.0021146
       86.000000       98964.317       279.35481       1.0020947
       87.000000       98952.324       279.34941       1.0020757
       88.000000       98940.333       279.34400       1.0020576
       89.000000       98928.343       279.33859       1.0020401
       90.000000       98916.354       279.33317       1.0020233
       91.000000       98904.366       279.32775       1.0020072
       92.000000       98892.380       279.32232       1.0019916
       93.000000       98880.394       279.31689       1.0019765
       94.000000       98868.410       279.31146       1.0019620
       95.000000       98856.427       279.30602       1.0019479
       96.000000       98844.445       279.30057       1.0019342
       97.000000       98832.465       279.29512       1.0019210
       98.000000       98820.485       279.28967       1.0019082
       99.000000       98808.507       279.28422       1.0018957
       100.00000       98796.530       279.27876       1.0018835
       101.00000       98784.554       279.27330       1.0018717
       102.00000       98772.579       279.26784       1.0018602
       103.00000       98760.606       279.26237       1.0018490
       104.00000       98748.634       279.25691       1.0018381
       105.00000       98736.663       279.25144       1.0018275
       106.00000       98724.693       279.24596       1.0018171
       107.00000       98712.724       279.24049       1.0018070
       108.00000       98700.756       279.23501       1.0017971
       109.00000       98688.790       279.22953       1.0017874
       110.00000       98676.825       279.22405       1.0017779
       111.00000       98664.861       279.21857       1.0017687
       112.00000       98652.898       279.21308       1.0017596
       113.00000       98640.936       279.20759       1.0017508
       114.00000       98628.976       279.20210       1.0017421
       115.00000       98617.017       279.19661       1.0017336
       116.00000       98605.058       279.19112       1.0017253
       117.00000       98593.102       279.18563       1.0017172
       118.00000       98581.146       279.18013       1.0017092
       119.00000       98569.191       279.17463       1.0017013
       120.00000       98557.238       279.16913       1.0016937
       121.00000       98545.286       279.16363       1.0016861
       122.00000       98533.335       279.15813       1.0016787
       123.00000       98521.385       279.15263       1.0016714
       124.00000       98509.436       279.14712       1.0016643
       125.00000       98497.489       279.14162       1.0016573
       126.00000       98485.543       279.13611       1.0016504
       127.00000       98473.598       279.13060       1.0016437
       128.00000       98461.654       279.12509       1.0016370
       129.00000       98449.711       279.11958       1.0016305
       130.00000       98437.770       279.11406       1.0016240
       131.00000       98425.829       279.10855       1.0016177
       132.00000       98413.890       279.10303       1.0016115
       133.00000       98401.952       279.09752       1.0016054
       134.00000       98390.015       279.09200       1.0015993
       135.00000       98378.080       279.08648       1.0015934
       136.00000       98366.145       279.08096       1.0015876
       137.00000       98354.212       279.07544       1.0015818
       138.00000       98342.280       279.06992       1.0015762
       139.00000       98330.349       279.06439       1.0015706
       140.00000       98318.420       279.05887       1.0015651
       141.00000       98306.491       279.05334       1.0015597
       142.00000       98294.564       279.04782       1.0015544
       143.00000       98282.638       279.04229       1.0015491
       144.00000       98270.713       279.03676       1.0015439
       145.00000       98258.789       279.03123       1.0015388
       146.00000       98246.866       279.02570       1.0015338
       147.00000       98234.945       279.02017       1.0015288
       148.00000       98223.024       279.01464       1.0015240
       149.00000       98211.105       279.00910       1.0015192
       150.00000       98199.187       279.00357       1.0015144
       151.00000       98187.271       278.99803       1.0015097
       152.00000       98175.355       278.99250       1.0015051
       153.00000       98163.441       278.98696       1.0015006
       154.00000       98151.528       278.98142       1.0014961
       155.00000       98139.616       278.97588       1.0014917
       156.00000       98127.705       278.97034       1.0014874
       157.00000       98115.795       278.96480       1.0014832
       158.00000       98103.887       278.95926       1.0014789
       159.00000       98091.979       278.95372       1.0014746
       160.00000       98080.073       278.94818       1.0014702
       161.00000       98068.168       278.94264       1.0014658
       162.00000       98056.265       278.93710       1.0014614
       163.00000       98044.362       278.93155       1.0014569
       164.00000       98032.461       278.92601       1.0014524
       165.00000       98020.561       278.92047       1.0014478
       166.00000       98008.662       278.91493       1.0014431
       167.00000       97996.764       278.90939       1.0014383
       168.00000       97984.867       278.90385       1.0014333
       169.00000       97972.971       278.89831       1.0014283
       170.00000       97961.077       278.89277       1.0014231
       171.00000       97949.184       278.88723       1.0014180
       172.00000       97937.292       278.88168       1.0014131
       173.00000       97925.401       278.87614       1.0014079
       174.00000       97913.512       278.87061       1.0014011
       175.00000       97901.623       278.86511       1.0013915
       176.00000       97889.736       278.85962       1.0013794
       177.00000       97877.850       278.85413       1.0013667
       178.00000       97865.965       278.84864       1.0013546
       179.00000       97854.081       278.84313       1.0013443
       180.00000       97842.199       278.83761       1.0013356
       181.00000       97830.317       278.83208       1.0013283
       182.00000       97818.437       278.82654       1.0013223
       183.00000       97806.558       278.82100       1.0013170
       184.00000       97794.680       278.81545       1.0013123
       185.00000       97782.804       278.80989       1.0013082
       186.00000       97770.928       278.80434       1.0013046
       187.00000       97759.054       278.79878       1.0013011
       188.00000       97747.181       278.79321       1.0012978
       189.00000       97735.309       278.78765       1.0012946
       190.00000       97723.438       278.78209       1.0012916
       191.00000       97711.568       278.77652       1.0012884
       192.00000       97699.700       278.77095       1.0012856
       193.00000       97687.833       278.76539       1.0012830
       194.00000       97675.967       278.75982       1.0012802
       195.00000       97664.102       278.75425       1.0012772
       196.00000       97652.238       278.74868       1.0012747
       197.00000       97640.375       278.74311       1.0012720
       198.00000       97628.514       278.73754       1.0012690
       199.00000       97616.654       278.73197       1.0012663
       200.00000       97604.795       278.72640       1.0012640
